0
0
0
25
0
0
0
25,25
0
0
25
0
200
0
0
0
100
0
0
0
0
0
0
0
0
25
50
25,10
200
25,100
25
0
25
0
50
10
50
0
50
0
50,25
0
25
10,100
0
50
50
25
10,10
0
0
10
0
0
10
0
10
200,10
0
10
25
0
10
0
25
0
0
0
10,25
50
0
50,50,10
0
25,25
0
0
200
0
0
0
10,10
0
25
25
50
0
0
50,10
0
100,10
10
0
0
10
0
0
1000
10
0
0
10
25
0
50
0
0
25
0
200
0
0
0
10
50
0
0
10,10
0
50,10
100
0
25
0
0
25
0
25
50
0
50,200
0
0
0
25
0
50
0
50
10,25
100
0
10
50
50
0
0
0
0
25,200
10
0
50
0
25
25,25
0
25
0
10
0
0
50
0
25
50
100
50
0
0
0
25
0
50
0
0
10
0
0
0
200,10
0
50
0
200
0
0
0
0
0
10
0
0
0
0
50
0
0
100
0
0
200
0
0
50
50,10
50
0
0
0
200
10,25
50
25
50
0
0
0
0
10
10
0
10
50
50
10
0
100
0
0
0
100
0
10
10
0
50
0
0
0
10
0
0
0
50
0
0
0
0
25
0
25
0
50
10
50
0
100
50
50,10
0
0
500
10
0
25
0
50
50,10
0
10
25
0
10
0
50
10
25
0
50
0
0
0
100
10,10
0
25
0
0
0
25
100
50,10
0
0
10
0
50
50
0
0
25
100
10
0
10
0
0
0
0
0
0
10
0
0
0
0
100
0
50
10
0
10
10,25
0
25
0
50
10,25
0
50
200,10
10
100,10
0
25
0
10
0
0
0
50
0
0
0
0
0
0
0
0
0
25
0
0
0
0
0
0
100
0
25
10,10
25
25
25
0
25
25,25
0
0
25,10
0
25
50
0
10,25
50
0
10,10
0
0
0
10,10
0
0
50
25
50
0
25
0
50
0
25
0
25
0
0
0
0
25
0
0
0
0
50
50
0
50
0
100
0
50
25
50
0
10
0
10
10
0
25
25
25
0
0
100
0
0
0
0
0
0
0
0
0
50
0
0
10,25
0
65
50,50
50,25
50
0
0
50
0
0
0
25
0
10
0
0
25
0
10,100
0
0
0
0
0
0
100
0
0
0
0
0
50
10
0
10
50
0
0
0
0
0
25
0
10
25
25
25
0
100
25
25
25
10
0
10,100
25
0
0
0
0
0
0
0
100,100
25
50
0
0
0
0
0
100,10
0
10,50
0
50,100
10
0
10
50
0
0
200
0
0
50
0
0
100
0
0
0
100
0
0
0
10
0
0
25
200
0
25
50,10
0
0
0
0
0
200,25
0
0
0
25
25
0
0
0
0
10
25
0
0
100
0
50
50
25
25
0
25,25
0
25
0
25
0
0
0
0
100
0
50,25,25
25
0
10
25
0
0
0
50,25,50
25
25
50,25
25
0
100
0
0
0
0
0
100
25
0
0
25,25
0
0
0
25,50
0
0
0
10
50
0
25
25
0
0
0
50
0
10
0
0
0
0
0
0
10
25
25
0
200
25
0
10
25
0
0
0
10
25
0
25
0
10
0
0
0
0
125
0
65
65
0
0
65
25
0
0
0
10
0
0
50
100
25
0
100
0
50
0
50
0
0
25
50
0
200
50
0
50
100
0
100
0
25,50
0
0
50
0
10
50
0
0
0
0
10
25
0
0
100
0
0
0
0
0
25
10,100
0
0
0
0
0
0
0
0
10
0
10
25
25
0
25
0
0
0
10
50,100
0
0
0
25
0
0
25,50
10
50
10
25
0
0
0
0
0
100
0
0
100
0
0
65
0
10
25
125
0
10
